                     CLIMATOLOGICAL SUMMARY for year 2025


NAME: Shefford, QC
ELEV: 300 meters    LAT: 45-12.26 N    LONG: 072-21.17 W


                                       TEMPERATURE (C)

                              HEAT    COOL                              MAX    MAX    MIN    MIN
          MEAN   MEAN         DEG     DEG                                >=     <=     <=     <=
 YR  MO   MAX    MIN    MEAN  DAYS    DAYS      HI  DAY     LOW  DAY     30      0      0    -20
------------------------------------------------------------------------------------------------
2025 01   -5.1  -13.0   -9.8  871.0    0.0     3.3   01   -21.2   30      0     28     31      2
2025 02   -3.8  -13.4   -9.0  766.1    0.0     7.6   25   -21.1   02      0     22     28      3
2025 03    5.9   -5.1   -0.1  568.9    0.0    20.6   19   -20.6   02      0      6     24      1
2025 04   11.9    0.5    5.8  377.7    1.6    30.1   29   -10.7   09      1      0     13      0
2025 05   18.7    8.6   12.8  184.8   11.8    32.6   16     0.7   01      3      0      0      0
2025 06   24.9   14.2   18.5   44.1   51.5    33.0   24     5.1   01      5      0      0      0
2025 07   27.4   17.0   21.2   12.8  101.0    33.6   12    10.3   04     11      0      0      0
2025 08   27.1   15.3   19.9   32.4   79.1    37.2   12     7.4   18     12      0      0      0
2025 09   23.0   12.3   16.4   66.8    9.7    29.6   02     4.5   20      0      0      0      0
2025 10   15.7    6.3   10.2  261.7    8.0    29.8   05    -0.2   16      0      0      1      0
2025 11
2025 12
------------------------------------------------------------------------------------------------
          14.7    4.4    8.7 3186.2  262.7    37.2  Aug   -21.2  Jan     32     56     97      6


                  PRECIPITATION (cm)

                  MAX         ---DAYS OF RAIN---
                  OBS.               OVER
 YR  MO  TOTAL    DAY  DATE   0.03   0.30   3.00
------------------------------------------------
2025 01   0.38   0.38    01      1      1      0
2025 02   1.65   1.32    25      3      1      0
2025 03   7.82   2.31    05     15     10      0
2025 04  10.36   3.02    27     15      8      1
2025 05  18.97   3.84    31     20     12      2
2025 06   6.60   1.88    28     10      6      0
2025 07  10.29   3.28    20     11      7      1
2025 08   2.06   0.74    30      7      3      0
2025 09  11.79   5.44    25      8      7      1
2025 10   7.59   2.13    07     10      5      0
2025 11
2025 12
------------------------------------------------
         77.52   5.44   Sep    100     60      5


           WIND SPEED (km/h)

                                DOM
 YR  MO    AVG     HI   DATE    DIR
-----------------------------------
2025 01    1.6   24.2     18    317
2025 02    2.9   21.7     16    311
2025 03    3.6   22.5     07    322
2025 04    3.9   25.0     20    296
2025 05    2.9   20.0     06    135
2025 06    1.8   19.2     07     70
2025 07    1.3   17.6     31     24
2025 08    1.7   18.4     22    185
2025 09    1.6   18.4     30    212
2025 10    2.3   20.0     31    143
2025 11
2025 12
-----------------------------------
           2.4   25.0    Apr    312
