                     CLIMATOLOGICAL SUMMARY for year 2024


NAME: Shefford, QC                  
ELEV: 300 meters    LAT: 45-12.26 N    LONG: 072-21.17 W


                                       TEMPERATURE (C)

                              HEAT    COOL                              MAX    MAX    MIN    MIN
          MEAN   MEAN         DEG     DEG                                >=     <=     <=     <=
 YR  MO   MAX    MIN    MEAN  DAYS    DAYS      HI  DAY     LOW  DAY     30      0      0    -20
------------------------------------------------------------------------------------------------
2024 01
2024 02
2024 03
2024 04
2024 05
2024 06
2024 07
2024 08   23.5   14.5   18.0   30.6   23.2    29.8   17     9.6   29      0      0      0      0
2024 09   23.3   13.2   16.8   68.7   24.0    29.6   18     6.3   08      0      0      0      0
2024 10   15.7    5.8    9.7  269.7    2.0    26.7   23    -4.1   28      0      0      3      0
2024 11    7.5   -0.1    3.2  453.3    0.0    20.1   01    -5.0   13      0      1     18      0
2024 12   -0.2   -8.1   -4.7  715.2    0.0    10.5   30   -19.8   22      0     15     27      0
------------------------------------------------------------------------------------------------
          13.4    4.5    8.0 1537.6   49.2    29.8  Aug   -19.8  Dec      0     16     48      0


                  PRECIPITATION (cm)

                  MAX         ---DAYS OF RAIN---
                  OBS.               OVER
 YR  MO  TOTAL    DAY  DATE   0.03   0.30   3.00
------------------------------------------------
2024 01
2024 02
2024 03
2024 04
2024 05
2024 06
2024 07
2024 08  13.64   4.55    09     12      8      1
2024 09   5.97   2.77    26      5      5      0
2024 10   5.99   1.83    14     12      5      0
2024 11   5.51   1.45    11     10      7      0
2024 12   9.75   3.10    11      7      6      1
------------------------------------------------
         40.87   4.55   Aug     46     31      2


           WIND SPEED (km/h)

                                DOM
 YR  MO    AVG     HI   DATE    DIR
-----------------------------------
2024 01
2024 02
2024 03
2024 04
2024 05
2024 06
2024 07
2024 08    2.0   22.5     09    348
2024 09    2.3   18.4     19     65
2024 10    2.3   20.0     14    300
2024 11    3.8   27.5     24    159
2024 12    1.2   24.2     10    348
-----------------------------------
           2.3   27.5    Nov    341
